{
 "cells": [
  {
   "cell_type": "code",
   "execution_count": 1,
   "id": "c71e174d",
   "metadata": {},
   "outputs": [],
   "source": [
    "import pandas as pd\n",
    "import numpy as np\n",
    "import matplotlib.pyplot as plt\n",
    "import seaborn as sns\n",
    "import warnings\n",
    "warnings.filterwarnings('ignore')"
   ]
  },
  {
   "cell_type": "markdown",
   "id": "9e11825b",
   "metadata": {},
   "source": [
    "# Feature Selection \n",
    "\n",
    "- It is a way of selecting the subset of the most relevent features from the original set of features\n",
    "- It is achived by removing irrelevent, redudent and noisy features from the original set of features\n",
    "\n",
    "# Advantages of feature selection\n",
    "\n",
    "- 1. It help up to reduce overfitting \n",
    "- 2. It help us to improve model accuracy/score/performance\n",
    "- 3. It reduces training and testing time\n",
    "- 4. It help us to avoid curse of dimensionality\n",
    "\n",
    "# Feature selection techniques\n",
    "- 1. Filter Method\n",
    "    - Done Before model training\n",
    "    \n",
    "- 2. Wrapper Method\n",
    "    - Done At the time of model training\n",
    "    \n",
    "- 3. Embedded Method\n",
    "    - Done After model training"
   ]
  },
  {
   "cell_type": "markdown",
   "id": "6f6327e2",
   "metadata": {},
   "source": [
    "#  1. Filter Method\n",
    "- 1. Correlation:\n",
    "    - 1.1 Pearson Correlation Coefficient \n",
    "        - Cont vs Cont\n",
    "    - 1.2 Spearman's Correlation Coefficient \n",
    "        - Cont vs Cont\n",
    "    - 1.3 Kendall Correlation Coefficient \n",
    "        - Cat vs Cont \n",
    "- 2. Information Gain\n",
    "    - Mutual Information\n",
    "- 3. Missing Value Ratio\n",
    "- 4. Variance Threshold Method\n",
    "- 5. Chi-Square Test\n",
    "    - Cat vs Cat\n",
    "- 6. ANOVA Test\n",
    "    - Cat vs Cont\n",
    "- 7. Mean Absolute Difference (MAD)\n",
    "\n",
    "#  2. Wrapper Method\n",
    "* It uses Machine Learning Models to find best subset of features\n",
    "- 1. Forward Feature Selection\n",
    "- 2. Backward Feature Elimination\n",
    "- 3. Exhastive Feature Selection\n",
    "- 4. Recursive Feature Selection\n",
    "- 5. BiDirection Method\n",
    "\n",
    "# 3. Embedded Method\n",
    "- 1. Random Forest Feature Importance\n",
    "- 2. AdaBoost Feature Importance\n",
    "- 3. Regularization (L1 >> Lasso)"
   ]
  },
  {
   "cell_type": "markdown",
   "id": "87a2d755",
   "metadata": {},
   "source": [
    "# 1. Filter Method\n",
    "### 1.1 Correlation "
   ]
  },
  {
   "cell_type": "code",
   "execution_count": 2,
   "id": "1821cbe2",
   "metadata": {},
   "outputs": [],
   "source": [
    "from sklearn.datasets import load_boston, load_diabetes, load_wine"
   ]
  },
  {
   "cell_type": "code",
   "execution_count": 3,
   "id": "17f101d7",
   "metadata": {},
   "outputs": [
    {
     "data": {
      "text/html": [
       "<div>\n",
       "<style scoped>\n",
       "    .dataframe tbody tr th:only-of-type {\n",
       "        vertical-align: middle;\n",
       "    }\n",
       "\n",
       "    .dataframe tbody tr th {\n",
       "        vertical-align: top;\n",
       "    }\n",
       "\n",
       "    .dataframe thead th {\n",
       "        text-align: right;\n",
       "    }\n",
       "</style>\n",
       "<table border=\"1\" class=\"dataframe\">\n",
       "  <thead>\n",
       "    <tr style=\"text-align: right;\">\n",
       "      <th></th>\n",
       "      <th>CRIM</th>\n",
       "      <th>ZN</th>\n",
       "      <th>INDUS</th>\n",
       "      <th>CHAS</th>\n",
       "      <th>NOX</th>\n",
       "      <th>RM</th>\n",
       "      <th>AGE</th>\n",
       "      <th>DIS</th>\n",
       "      <th>RAD</th>\n",
       "      <th>TAX</th>\n",
       "      <th>PTRATIO</th>\n",
       "      <th>B</th>\n",
       "      <th>LSTAT</th>\n",
       "      <th>Target</th>\n",
       "    </tr>\n",
       "  </thead>\n",
       "  <tbody>\n",
       "    <tr>\n",
       "      <th>0</th>\n",
       "      <td>0.00632</td>\n",
       "      <td>18.0</td>\n",
       "      <td>2.31</td>\n",
       "      <td>0.0</td>\n",
       "      <td>0.538</td>\n",
       "      <td>6.575</td>\n",
       "      <td>65.2</td>\n",
       "      <td>4.0900</td>\n",
       "      <td>1.0</td>\n",
       "      <td>296.0</td>\n",
       "      <td>15.3</td>\n",
       "      <td>396.90</td>\n",
       "      <td>4.98</td>\n",
       "      <td>24.0</td>\n",
       "    </tr>\n",
       "    <tr>\n",
       "      <th>1</th>\n",
       "      <td>0.02731</td>\n",
       "      <td>0.0</td>\n",
       "      <td>7.07</td>\n",
       "      <td>0.0</td>\n",
       "      <td>0.469</td>\n",
       "      <td>6.421</td>\n",
       "      <td>78.9</td>\n",
       "      <td>4.9671</td>\n",
       "      <td>2.0</td>\n",
       "      <td>242.0</td>\n",
       "      <td>17.8</td>\n",
       "      <td>396.90</td>\n",
       "      <td>9.14</td>\n",
       "      <td>21.6</td>\n",
       "    </tr>\n",
       "    <tr>\n",
       "      <th>2</th>\n",
       "      <td>0.02729</td>\n",
       "      <td>0.0</td>\n",
       "      <td>7.07</td>\n",
       "      <td>0.0</td>\n",
       "      <td>0.469</td>\n",
       "      <td>7.185</td>\n",
       "      <td>61.1</td>\n",
       "      <td>4.9671</td>\n",
       "      <td>2.0</td>\n",
       "      <td>242.0</td>\n",
       "      <td>17.8</td>\n",
       "      <td>392.83</td>\n",
       "      <td>4.03</td>\n",
       "      <td>34.7</td>\n",
       "    </tr>\n",
       "    <tr>\n",
       "      <th>3</th>\n",
       "      <td>0.03237</td>\n",
       "      <td>0.0</td>\n",
       "      <td>2.18</td>\n",
       "      <td>0.0</td>\n",
       "      <td>0.458</td>\n",
       "      <td>6.998</td>\n",
       "      <td>45.8</td>\n",
       "      <td>6.0622</td>\n",
       "      <td>3.0</td>\n",
       "      <td>222.0</td>\n",
       "      <td>18.7</td>\n",
       "      <td>394.63</td>\n",
       "      <td>2.94</td>\n",
       "      <td>33.4</td>\n",
       "    </tr>\n",
       "    <tr>\n",
       "      <th>4</th>\n",
       "      <td>0.06905</td>\n",
       "      <td>0.0</td>\n",
       "      <td>2.18</td>\n",
       "      <td>0.0</td>\n",
       "      <td>0.458</td>\n",
       "      <td>7.147</td>\n",
       "      <td>54.2</td>\n",
       "      <td>6.0622</td>\n",
       "      <td>3.0</td>\n",
       "      <td>222.0</td>\n",
       "      <td>18.7</td>\n",
       "      <td>396.90</td>\n",
       "      <td>5.33</td>\n",
       "      <td>36.2</td>\n",
       "    </tr>\n",
       "  </tbody>\n",
       "</table>\n",
       "</div>"
      ],
      "text/plain": [
       "      CRIM    ZN  INDUS  CHAS    NOX     RM   AGE     DIS  RAD    TAX  \\\n",
       "0  0.00632  18.0   2.31   0.0  0.538  6.575  65.2  4.0900  1.0  296.0   \n",
       "1  0.02731   0.0   7.07   0.0  0.469  6.421  78.9  4.9671  2.0  242.0   \n",
       "2  0.02729   0.0   7.07   0.0  0.469  7.185  61.1  4.9671  2.0  242.0   \n",
       "3  0.03237   0.0   2.18   0.0  0.458  6.998  45.8  6.0622  3.0  222.0   \n",
       "4  0.06905   0.0   2.18   0.0  0.458  7.147  54.2  6.0622  3.0  222.0   \n",
       "\n",
       "   PTRATIO       B  LSTAT  Target  \n",
       "0     15.3  396.90   4.98    24.0  \n",
       "1     17.8  396.90   9.14    21.6  \n",
       "2     17.8  392.83   4.03    34.7  \n",
       "3     18.7  394.63   2.94    33.4  \n",
       "4     18.7  396.90   5.33    36.2  "
      ]
     },
     "execution_count": 3,
     "metadata": {},
     "output_type": "execute_result"
    }
   ],
   "source": [
    "boston = load_boston()\n",
    "df = pd.DataFrame(boston.data, columns=boston.feature_names)\n",
    "df['Target'] = boston.target\n",
    "df.head()"
   ]
  },
  {
   "cell_type": "code",
   "execution_count": 4,
   "id": "0f669ff3",
   "metadata": {},
   "outputs": [
    {
     "data": {
      "text/html": [
       "<div>\n",
       "<style scoped>\n",
       "    .dataframe tbody tr th:only-of-type {\n",
       "        vertical-align: middle;\n",
       "    }\n",
       "\n",
       "    .dataframe tbody tr th {\n",
       "        vertical-align: top;\n",
       "    }\n",
       "\n",
       "    .dataframe thead th {\n",
       "        text-align: right;\n",
       "    }\n",
       "</style>\n",
       "<table border=\"1\" class=\"dataframe\">\n",
       "  <thead>\n",
       "    <tr style=\"text-align: right;\">\n",
       "      <th></th>\n",
       "      <th>CRIM</th>\n",
       "      <th>ZN</th>\n",
       "      <th>INDUS</th>\n",
       "      <th>CHAS</th>\n",
       "      <th>NOX</th>\n",
       "      <th>RM</th>\n",
       "      <th>AGE</th>\n",
       "      <th>DIS</th>\n",
       "      <th>RAD</th>\n",
       "      <th>TAX</th>\n",
       "      <th>PTRATIO</th>\n",
       "      <th>B</th>\n",
       "      <th>LSTAT</th>\n",
       "      <th>Target</th>\n",
       "    </tr>\n",
       "  </thead>\n",
       "  <tbody>\n",
       "    <tr>\n",
       "      <th>CRIM</th>\n",
       "      <td>1.000000</td>\n",
       "      <td>-0.200469</td>\n",
       "      <td>0.406583</td>\n",
       "      <td>-0.055892</td>\n",
       "      <td>0.420972</td>\n",
       "      <td>-0.219247</td>\n",
       "      <td>0.352734</td>\n",
       "      <td>-0.379670</td>\n",
       "      <td>0.625505</td>\n",
       "      <td>0.582764</td>\n",
       "      <td>0.289946</td>\n",
       "      <td>-0.385064</td>\n",
       "      <td>0.455621</td>\n",
       "      <td>-0.388305</td>\n",
       "    </tr>\n",
       "    <tr>\n",
       "      <th>ZN</th>\n",
       "      <td>-0.200469</td>\n",
       "      <td>1.000000</td>\n",
       "      <td>-0.533828</td>\n",
       "      <td>-0.042697</td>\n",
       "      <td>-0.516604</td>\n",
       "      <td>0.311991</td>\n",
       "      <td>-0.569537</td>\n",
       "      <td>0.664408</td>\n",
       "      <td>-0.311948</td>\n",
       "      <td>-0.314563</td>\n",
       "      <td>-0.391679</td>\n",
       "      <td>0.175520</td>\n",
       "      <td>-0.412995</td>\n",
       "      <td>0.360445</td>\n",
       "    </tr>\n",
       "    <tr>\n",
       "      <th>INDUS</th>\n",
       "      <td>0.406583</td>\n",
       "      <td>-0.533828</td>\n",
       "      <td>1.000000</td>\n",
       "      <td>0.062938</td>\n",
       "      <td>0.763651</td>\n",
       "      <td>-0.391676</td>\n",
       "      <td>0.644779</td>\n",
       "      <td>-0.708027</td>\n",
       "      <td>0.595129</td>\n",
       "      <td>0.720760</td>\n",
       "      <td>0.383248</td>\n",
       "      <td>-0.356977</td>\n",
       "      <td>0.603800</td>\n",
       "      <td>-0.483725</td>\n",
       "    </tr>\n",
       "    <tr>\n",
       "      <th>CHAS</th>\n",
       "      <td>-0.055892</td>\n",
       "      <td>-0.042697</td>\n",
       "      <td>0.062938</td>\n",
       "      <td>1.000000</td>\n",
       "      <td>0.091203</td>\n",
       "      <td>0.091251</td>\n",
       "      <td>0.086518</td>\n",
       "      <td>-0.099176</td>\n",
       "      <td>-0.007368</td>\n",
       "      <td>-0.035587</td>\n",
       "      <td>-0.121515</td>\n",
       "      <td>0.048788</td>\n",
       "      <td>-0.053929</td>\n",
       "      <td>0.175260</td>\n",
       "    </tr>\n",
       "    <tr>\n",
       "      <th>NOX</th>\n",
       "      <td>0.420972</td>\n",
       "      <td>-0.516604</td>\n",
       "      <td>0.763651</td>\n",
       "      <td>0.091203</td>\n",
       "      <td>1.000000</td>\n",
       "      <td>-0.302188</td>\n",
       "      <td>0.731470</td>\n",
       "      <td>-0.769230</td>\n",
       "      <td>0.611441</td>\n",
       "      <td>0.668023</td>\n",
       "      <td>0.188933</td>\n",
       "      <td>-0.380051</td>\n",
       "      <td>0.590879</td>\n",
       "      <td>-0.427321</td>\n",
       "    </tr>\n",
       "    <tr>\n",
       "      <th>RM</th>\n",
       "      <td>-0.219247</td>\n",
       "      <td>0.311991</td>\n",
       "      <td>-0.391676</td>\n",
       "      <td>0.091251</td>\n",
       "      <td>-0.302188</td>\n",
       "      <td>1.000000</td>\n",
       "      <td>-0.240265</td>\n",
       "      <td>0.205246</td>\n",
       "      <td>-0.209847</td>\n",
       "      <td>-0.292048</td>\n",
       "      <td>-0.355501</td>\n",
       "      <td>0.128069</td>\n",
       "      <td>-0.613808</td>\n",
       "      <td>0.695360</td>\n",
       "    </tr>\n",
       "    <tr>\n",
       "      <th>AGE</th>\n",
       "      <td>0.352734</td>\n",
       "      <td>-0.569537</td>\n",
       "      <td>0.644779</td>\n",
       "      <td>0.086518</td>\n",
       "      <td>0.731470</td>\n",
       "      <td>-0.240265</td>\n",
       "      <td>1.000000</td>\n",
       "      <td>-0.747881</td>\n",
       "      <td>0.456022</td>\n",
       "      <td>0.506456</td>\n",
       "      <td>0.261515</td>\n",
       "      <td>-0.273534</td>\n",
       "      <td>0.602339</td>\n",
       "      <td>-0.376955</td>\n",
       "    </tr>\n",
       "    <tr>\n",
       "      <th>DIS</th>\n",
       "      <td>-0.379670</td>\n",
       "      <td>0.664408</td>\n",
       "      <td>-0.708027</td>\n",
       "      <td>-0.099176</td>\n",
       "      <td>-0.769230</td>\n",
       "      <td>0.205246</td>\n",
       "      <td>-0.747881</td>\n",
       "      <td>1.000000</td>\n",
       "      <td>-0.494588</td>\n",
       "      <td>-0.534432</td>\n",
       "      <td>-0.232471</td>\n",
       "      <td>0.291512</td>\n",
       "      <td>-0.496996</td>\n",
       "      <td>0.249929</td>\n",
       "    </tr>\n",
       "    <tr>\n",
       "      <th>RAD</th>\n",
       "      <td>0.625505</td>\n",
       "      <td>-0.311948</td>\n",
       "      <td>0.595129</td>\n",
       "      <td>-0.007368</td>\n",
       "      <td>0.611441</td>\n",
       "      <td>-0.209847</td>\n",
       "      <td>0.456022</td>\n",
       "      <td>-0.494588</td>\n",
       "      <td>1.000000</td>\n",
       "      <td>0.910228</td>\n",
       "      <td>0.464741</td>\n",
       "      <td>-0.444413</td>\n",
       "      <td>0.488676</td>\n",
       "      <td>-0.381626</td>\n",
       "    </tr>\n",
       "    <tr>\n",
       "      <th>TAX</th>\n",
       "      <td>0.582764</td>\n",
       "      <td>-0.314563</td>\n",
       "      <td>0.720760</td>\n",
       "      <td>-0.035587</td>\n",
       "      <td>0.668023</td>\n",
       "      <td>-0.292048</td>\n",
       "      <td>0.506456</td>\n",
       "      <td>-0.534432</td>\n",
       "      <td>0.910228</td>\n",
       "      <td>1.000000</td>\n",
       "      <td>0.460853</td>\n",
       "      <td>-0.441808</td>\n",
       "      <td>0.543993</td>\n",
       "      <td>-0.468536</td>\n",
       "    </tr>\n",
       "    <tr>\n",
       "      <th>PTRATIO</th>\n",
       "      <td>0.289946</td>\n",
       "      <td>-0.391679</td>\n",
       "      <td>0.383248</td>\n",
       "      <td>-0.121515</td>\n",
       "      <td>0.188933</td>\n",
       "      <td>-0.355501</td>\n",
       "      <td>0.261515</td>\n",
       "      <td>-0.232471</td>\n",
       "      <td>0.464741</td>\n",
       "      <td>0.460853</td>\n",
       "      <td>1.000000</td>\n",
       "      <td>-0.177383</td>\n",
       "      <td>0.374044</td>\n",
       "      <td>-0.507787</td>\n",
       "    </tr>\n",
       "    <tr>\n",
       "      <th>B</th>\n",
       "      <td>-0.385064</td>\n",
       "      <td>0.175520</td>\n",
       "      <td>-0.356977</td>\n",
       "      <td>0.048788</td>\n",
       "      <td>-0.380051</td>\n",
       "      <td>0.128069</td>\n",
       "      <td>-0.273534</td>\n",
       "      <td>0.291512</td>\n",
       "      <td>-0.444413</td>\n",
       "      <td>-0.441808</td>\n",
       "      <td>-0.177383</td>\n",
       "      <td>1.000000</td>\n",
       "      <td>-0.366087</td>\n",
       "      <td>0.333461</td>\n",
       "    </tr>\n",
       "    <tr>\n",
       "      <th>LSTAT</th>\n",
       "      <td>0.455621</td>\n",
       "      <td>-0.412995</td>\n",
       "      <td>0.603800</td>\n",
       "      <td>-0.053929</td>\n",
       "      <td>0.590879</td>\n",
       "      <td>-0.613808</td>\n",
       "      <td>0.602339</td>\n",
       "      <td>-0.496996</td>\n",
       "      <td>0.488676</td>\n",
       "      <td>0.543993</td>\n",
       "      <td>0.374044</td>\n",
       "      <td>-0.366087</td>\n",
       "      <td>1.000000</td>\n",
       "      <td>-0.737663</td>\n",
       "    </tr>\n",
       "    <tr>\n",
       "      <th>Target</th>\n",
       "      <td>-0.388305</td>\n",
       "      <td>0.360445</td>\n",
       "      <td>-0.483725</td>\n",
       "      <td>0.175260</td>\n",
       "      <td>-0.427321</td>\n",
       "      <td>0.695360</td>\n",
       "      <td>-0.376955</td>\n",
       "      <td>0.249929</td>\n",
       "      <td>-0.381626</td>\n",
       "      <td>-0.468536</td>\n",
       "      <td>-0.507787</td>\n",
       "      <td>0.333461</td>\n",
       "      <td>-0.737663</td>\n",
       "      <td>1.000000</td>\n",
       "    </tr>\n",
       "  </tbody>\n",
       "</table>\n",
       "</div>"
      ],
      "text/plain": [
       "             CRIM        ZN     INDUS      CHAS       NOX        RM       AGE  \\\n",
       "CRIM     1.000000 -0.200469  0.406583 -0.055892  0.420972 -0.219247  0.352734   \n",
       "ZN      -0.200469  1.000000 -0.533828 -0.042697 -0.516604  0.311991 -0.569537   \n",
       "INDUS    0.406583 -0.533828  1.000000  0.062938  0.763651 -0.391676  0.644779   \n",
       "CHAS    -0.055892 -0.042697  0.062938  1.000000  0.091203  0.091251  0.086518   \n",
       "NOX      0.420972 -0.516604  0.763651  0.091203  1.000000 -0.302188  0.731470   \n",
       "RM      -0.219247  0.311991 -0.391676  0.091251 -0.302188  1.000000 -0.240265   \n",
       "AGE      0.352734 -0.569537  0.644779  0.086518  0.731470 -0.240265  1.000000   \n",
       "DIS     -0.379670  0.664408 -0.708027 -0.099176 -0.769230  0.205246 -0.747881   \n",
       "RAD      0.625505 -0.311948  0.595129 -0.007368  0.611441 -0.209847  0.456022   \n",
       "TAX      0.582764 -0.314563  0.720760 -0.035587  0.668023 -0.292048  0.506456   \n",
       "PTRATIO  0.289946 -0.391679  0.383248 -0.121515  0.188933 -0.355501  0.261515   \n",
       "B       -0.385064  0.175520 -0.356977  0.048788 -0.380051  0.128069 -0.273534   \n",
       "LSTAT    0.455621 -0.412995  0.603800 -0.053929  0.590879 -0.613808  0.602339   \n",
       "Target  -0.388305  0.360445 -0.483725  0.175260 -0.427321  0.695360 -0.376955   \n",
       "\n",
       "              DIS       RAD       TAX   PTRATIO         B     LSTAT    Target  \n",
       "CRIM    -0.379670  0.625505  0.582764  0.289946 -0.385064  0.455621 -0.388305  \n",
       "ZN       0.664408 -0.311948 -0.314563 -0.391679  0.175520 -0.412995  0.360445  \n",
       "INDUS   -0.708027  0.595129  0.720760  0.383248 -0.356977  0.603800 -0.483725  \n",
       "CHAS    -0.099176 -0.007368 -0.035587 -0.121515  0.048788 -0.053929  0.175260  \n",
       "NOX     -0.769230  0.611441  0.668023  0.188933 -0.380051  0.590879 -0.427321  \n",
       "RM       0.205246 -0.209847 -0.292048 -0.355501  0.128069 -0.613808  0.695360  \n",
       "AGE     -0.747881  0.456022  0.506456  0.261515 -0.273534  0.602339 -0.376955  \n",
       "DIS      1.000000 -0.494588 -0.534432 -0.232471  0.291512 -0.496996  0.249929  \n",
       "RAD     -0.494588  1.000000  0.910228  0.464741 -0.444413  0.488676 -0.381626  \n",
       "TAX     -0.534432  0.910228  1.000000  0.460853 -0.441808  0.543993 -0.468536  \n",
       "PTRATIO -0.232471  0.464741  0.460853  1.000000 -0.177383  0.374044 -0.507787  \n",
       "B        0.291512 -0.444413 -0.441808 -0.177383  1.000000 -0.366087  0.333461  \n",
       "LSTAT   -0.496996  0.488676  0.543993  0.374044 -0.366087  1.000000 -0.737663  \n",
       "Target   0.249929 -0.381626 -0.468536 -0.507787  0.333461 -0.737663  1.000000  "
      ]
     },
     "execution_count": 4,
     "metadata": {},
     "output_type": "execute_result"
    }
   ],
   "source": [
    "df.corr(method='pearson')"
   ]
  },
  {
   "cell_type": "code",
   "execution_count": 5,
   "id": "8c871ae3",
   "metadata": {},
   "outputs": [
    {
     "data": {
      "text/html": [
       "<div>\n",
       "<style scoped>\n",
       "    .dataframe tbody tr th:only-of-type {\n",
       "        vertical-align: middle;\n",
       "    }\n",
       "\n",
       "    .dataframe tbody tr th {\n",
       "        vertical-align: top;\n",
       "    }\n",
       "\n",
       "    .dataframe thead th {\n",
       "        text-align: right;\n",
       "    }\n",
       "</style>\n",
       "<table border=\"1\" class=\"dataframe\">\n",
       "  <thead>\n",
       "    <tr style=\"text-align: right;\">\n",
       "      <th></th>\n",
       "      <th>CRIM</th>\n",
       "      <th>ZN</th>\n",
       "      <th>INDUS</th>\n",
       "      <th>CHAS</th>\n",
       "      <th>NOX</th>\n",
       "      <th>RM</th>\n",
       "      <th>AGE</th>\n",
       "      <th>DIS</th>\n",
       "      <th>RAD</th>\n",
       "      <th>TAX</th>\n",
       "      <th>PTRATIO</th>\n",
       "      <th>B</th>\n",
       "      <th>LSTAT</th>\n",
       "      <th>Target</th>\n",
       "    </tr>\n",
       "  </thead>\n",
       "  <tbody>\n",
       "    <tr>\n",
       "      <th>CRIM</th>\n",
       "      <td>1.000000</td>\n",
       "      <td>-0.571660</td>\n",
       "      <td>0.735524</td>\n",
       "      <td>0.041537</td>\n",
       "      <td>0.821465</td>\n",
       "      <td>-0.309116</td>\n",
       "      <td>0.704140</td>\n",
       "      <td>-0.744986</td>\n",
       "      <td>0.727807</td>\n",
       "      <td>0.729045</td>\n",
       "      <td>0.465283</td>\n",
       "      <td>-0.360555</td>\n",
       "      <td>0.634760</td>\n",
       "      <td>-0.558891</td>\n",
       "    </tr>\n",
       "    <tr>\n",
       "      <th>ZN</th>\n",
       "      <td>-0.571660</td>\n",
       "      <td>1.000000</td>\n",
       "      <td>-0.642811</td>\n",
       "      <td>-0.041937</td>\n",
       "      <td>-0.634828</td>\n",
       "      <td>0.361074</td>\n",
       "      <td>-0.544423</td>\n",
       "      <td>0.614627</td>\n",
       "      <td>-0.278767</td>\n",
       "      <td>-0.371394</td>\n",
       "      <td>-0.448475</td>\n",
       "      <td>0.163135</td>\n",
       "      <td>-0.490074</td>\n",
       "      <td>0.438179</td>\n",
       "    </tr>\n",
       "    <tr>\n",
       "      <th>INDUS</th>\n",
       "      <td>0.735524</td>\n",
       "      <td>-0.642811</td>\n",
       "      <td>1.000000</td>\n",
       "      <td>0.089841</td>\n",
       "      <td>0.791189</td>\n",
       "      <td>-0.415301</td>\n",
       "      <td>0.679487</td>\n",
       "      <td>-0.757080</td>\n",
       "      <td>0.455507</td>\n",
       "      <td>0.664361</td>\n",
       "      <td>0.433710</td>\n",
       "      <td>-0.285840</td>\n",
       "      <td>0.638747</td>\n",
       "      <td>-0.578255</td>\n",
       "    </tr>\n",
       "    <tr>\n",
       "      <th>CHAS</th>\n",
       "      <td>0.041537</td>\n",
       "      <td>-0.041937</td>\n",
       "      <td>0.089841</td>\n",
       "      <td>1.000000</td>\n",
       "      <td>0.068426</td>\n",
       "      <td>0.058813</td>\n",
       "      <td>0.067792</td>\n",
       "      <td>-0.080248</td>\n",
       "      <td>0.024579</td>\n",
       "      <td>-0.044486</td>\n",
       "      <td>-0.136065</td>\n",
       "      <td>-0.039810</td>\n",
       "      <td>-0.050575</td>\n",
       "      <td>0.140612</td>\n",
       "    </tr>\n",
       "    <tr>\n",
       "      <th>NOX</th>\n",
       "      <td>0.821465</td>\n",
       "      <td>-0.634828</td>\n",
       "      <td>0.791189</td>\n",
       "      <td>0.068426</td>\n",
       "      <td>1.000000</td>\n",
       "      <td>-0.310344</td>\n",
       "      <td>0.795153</td>\n",
       "      <td>-0.880015</td>\n",
       "      <td>0.586429</td>\n",
       "      <td>0.649527</td>\n",
       "      <td>0.391309</td>\n",
       "      <td>-0.296662</td>\n",
       "      <td>0.636828</td>\n",
       "      <td>-0.562609</td>\n",
       "    </tr>\n",
       "    <tr>\n",
       "      <th>RM</th>\n",
       "      <td>-0.309116</td>\n",
       "      <td>0.361074</td>\n",
       "      <td>-0.415301</td>\n",
       "      <td>0.058813</td>\n",
       "      <td>-0.310344</td>\n",
       "      <td>1.000000</td>\n",
       "      <td>-0.278082</td>\n",
       "      <td>0.263168</td>\n",
       "      <td>-0.107492</td>\n",
       "      <td>-0.271898</td>\n",
       "      <td>-0.312923</td>\n",
       "      <td>0.053660</td>\n",
       "      <td>-0.640832</td>\n",
       "      <td>0.633576</td>\n",
       "    </tr>\n",
       "    <tr>\n",
       "      <th>AGE</th>\n",
       "      <td>0.704140</td>\n",
       "      <td>-0.544423</td>\n",
       "      <td>0.679487</td>\n",
       "      <td>0.067792</td>\n",
       "      <td>0.795153</td>\n",
       "      <td>-0.278082</td>\n",
       "      <td>1.000000</td>\n",
       "      <td>-0.801610</td>\n",
       "      <td>0.417983</td>\n",
       "      <td>0.526366</td>\n",
       "      <td>0.355384</td>\n",
       "      <td>-0.228022</td>\n",
       "      <td>0.657071</td>\n",
       "      <td>-0.547562</td>\n",
       "    </tr>\n",
       "    <tr>\n",
       "      <th>DIS</th>\n",
       "      <td>-0.744986</td>\n",
       "      <td>0.614627</td>\n",
       "      <td>-0.757080</td>\n",
       "      <td>-0.080248</td>\n",
       "      <td>-0.880015</td>\n",
       "      <td>0.263168</td>\n",
       "      <td>-0.801610</td>\n",
       "      <td>1.000000</td>\n",
       "      <td>-0.495806</td>\n",
       "      <td>-0.574336</td>\n",
       "      <td>-0.322041</td>\n",
       "      <td>0.249595</td>\n",
       "      <td>-0.564262</td>\n",
       "      <td>0.445857</td>\n",
       "    </tr>\n",
       "    <tr>\n",
       "      <th>RAD</th>\n",
       "      <td>0.727807</td>\n",
       "      <td>-0.278767</td>\n",
       "      <td>0.455507</td>\n",
       "      <td>0.024579</td>\n",
       "      <td>0.586429</td>\n",
       "      <td>-0.107492</td>\n",
       "      <td>0.417983</td>\n",
       "      <td>-0.495806</td>\n",
       "      <td>1.000000</td>\n",
       "      <td>0.704876</td>\n",
       "      <td>0.318330</td>\n",
       "      <td>-0.282533</td>\n",
       "      <td>0.394322</td>\n",
       "      <td>-0.346776</td>\n",
       "    </tr>\n",
       "    <tr>\n",
       "      <th>TAX</th>\n",
       "      <td>0.729045</td>\n",
       "      <td>-0.371394</td>\n",
       "      <td>0.664361</td>\n",
       "      <td>-0.044486</td>\n",
       "      <td>0.649527</td>\n",
       "      <td>-0.271898</td>\n",
       "      <td>0.526366</td>\n",
       "      <td>-0.574336</td>\n",
       "      <td>0.704876</td>\n",
       "      <td>1.000000</td>\n",
       "      <td>0.453345</td>\n",
       "      <td>-0.329843</td>\n",
       "      <td>0.534423</td>\n",
       "      <td>-0.562411</td>\n",
       "    </tr>\n",
       "    <tr>\n",
       "      <th>PTRATIO</th>\n",
       "      <td>0.465283</td>\n",
       "      <td>-0.448475</td>\n",
       "      <td>0.433710</td>\n",
       "      <td>-0.136065</td>\n",
       "      <td>0.391309</td>\n",
       "      <td>-0.312923</td>\n",
       "      <td>0.355384</td>\n",
       "      <td>-0.322041</td>\n",
       "      <td>0.318330</td>\n",
       "      <td>0.453345</td>\n",
       "      <td>1.000000</td>\n",
       "      <td>-0.072027</td>\n",
       "      <td>0.467259</td>\n",
       "      <td>-0.555905</td>\n",
       "    </tr>\n",
       "    <tr>\n",
       "      <th>B</th>\n",
       "      <td>-0.360555</td>\n",
       "      <td>0.163135</td>\n",
       "      <td>-0.285840</td>\n",
       "      <td>-0.039810</td>\n",
       "      <td>-0.296662</td>\n",
       "      <td>0.053660</td>\n",
       "      <td>-0.228022</td>\n",
       "      <td>0.249595</td>\n",
       "      <td>-0.282533</td>\n",
       "      <td>-0.329843</td>\n",
       "      <td>-0.072027</td>\n",
       "      <td>1.000000</td>\n",
       "      <td>-0.210562</td>\n",
       "      <td>0.185664</td>\n",
       "    </tr>\n",
       "    <tr>\n",
       "      <th>LSTAT</th>\n",
       "      <td>0.634760</td>\n",
       "      <td>-0.490074</td>\n",
       "      <td>0.638747</td>\n",
       "      <td>-0.050575</td>\n",
       "      <td>0.636828</td>\n",
       "      <td>-0.640832</td>\n",
       "      <td>0.657071</td>\n",
       "      <td>-0.564262</td>\n",
       "      <td>0.394322</td>\n",
       "      <td>0.534423</td>\n",
       "      <td>0.467259</td>\n",
       "      <td>-0.210562</td>\n",
       "      <td>1.000000</td>\n",
       "      <td>-0.852914</td>\n",
       "    </tr>\n",
       "    <tr>\n",
       "      <th>Target</th>\n",
       "      <td>-0.558891</td>\n",
       "      <td>0.438179</td>\n",
       "      <td>-0.578255</td>\n",
       "      <td>0.140612</td>\n",
       "      <td>-0.562609</td>\n",
       "      <td>0.633576</td>\n",
       "      <td>-0.547562</td>\n",
       "      <td>0.445857</td>\n",
       "      <td>-0.346776</td>\n",
       "      <td>-0.562411</td>\n",
       "      <td>-0.555905</td>\n",
       "      <td>0.185664</td>\n",
       "      <td>-0.852914</td>\n",
       "      <td>1.000000</td>\n",
       "    </tr>\n",
       "  </tbody>\n",
       "</table>\n",
       "</div>"
      ],
      "text/plain": [
       "             CRIM        ZN     INDUS      CHAS       NOX        RM       AGE  \\\n",
       "CRIM     1.000000 -0.571660  0.735524  0.041537  0.821465 -0.309116  0.704140   \n",
       "ZN      -0.571660  1.000000 -0.642811 -0.041937 -0.634828  0.361074 -0.544423   \n",
       "INDUS    0.735524 -0.642811  1.000000  0.089841  0.791189 -0.415301  0.679487   \n",
       "CHAS     0.041537 -0.041937  0.089841  1.000000  0.068426  0.058813  0.067792   \n",
       "NOX      0.821465 -0.634828  0.791189  0.068426  1.000000 -0.310344  0.795153   \n",
       "RM      -0.309116  0.361074 -0.415301  0.058813 -0.310344  1.000000 -0.278082   \n",
       "AGE      0.704140 -0.544423  0.679487  0.067792  0.795153 -0.278082  1.000000   \n",
       "DIS     -0.744986  0.614627 -0.757080 -0.080248 -0.880015  0.263168 -0.801610   \n",
       "RAD      0.727807 -0.278767  0.455507  0.024579  0.586429 -0.107492  0.417983   \n",
       "TAX      0.729045 -0.371394  0.664361 -0.044486  0.649527 -0.271898  0.526366   \n",
       "PTRATIO  0.465283 -0.448475  0.433710 -0.136065  0.391309 -0.312923  0.355384   \n",
       "B       -0.360555  0.163135 -0.285840 -0.039810 -0.296662  0.053660 -0.228022   \n",
       "LSTAT    0.634760 -0.490074  0.638747 -0.050575  0.636828 -0.640832  0.657071   \n",
       "Target  -0.558891  0.438179 -0.578255  0.140612 -0.562609  0.633576 -0.547562   \n",
       "\n",
       "              DIS       RAD       TAX   PTRATIO         B     LSTAT    Target  \n",
       "CRIM    -0.744986  0.727807  0.729045  0.465283 -0.360555  0.634760 -0.558891  \n",
       "ZN       0.614627 -0.278767 -0.371394 -0.448475  0.163135 -0.490074  0.438179  \n",
       "INDUS   -0.757080  0.455507  0.664361  0.433710 -0.285840  0.638747 -0.578255  \n",
       "CHAS    -0.080248  0.024579 -0.044486 -0.136065 -0.039810 -0.050575  0.140612  \n",
       "NOX     -0.880015  0.586429  0.649527  0.391309 -0.296662  0.636828 -0.562609  \n",
       "RM       0.263168 -0.107492 -0.271898 -0.312923  0.053660 -0.640832  0.633576  \n",
       "AGE     -0.801610  0.417983  0.526366  0.355384 -0.228022  0.657071 -0.547562  \n",
       "DIS      1.000000 -0.495806 -0.574336 -0.322041  0.249595 -0.564262  0.445857  \n",
       "RAD     -0.495806  1.000000  0.704876  0.318330 -0.282533  0.394322 -0.346776  \n",
       "TAX     -0.574336  0.704876  1.000000  0.453345 -0.329843  0.534423 -0.562411  \n",
       "PTRATIO -0.322041  0.318330  0.453345  1.000000 -0.072027  0.467259 -0.555905  \n",
       "B        0.249595 -0.282533 -0.329843 -0.072027  1.000000 -0.210562  0.185664  \n",
       "LSTAT   -0.564262  0.394322  0.534423  0.467259 -0.210562  1.000000 -0.852914  \n",
       "Target   0.445857 -0.346776 -0.562411 -0.555905  0.185664 -0.852914  1.000000  "
      ]
     },
     "execution_count": 5,
     "metadata": {},
     "output_type": "execute_result"
    }
   ],
   "source": [
    "df.corr(method='spearman')"
   ]
  },
  {
   "cell_type": "code",
   "execution_count": 6,
   "id": "e4a66603",
   "metadata": {},
   "outputs": [
    {
     "data": {
      "text/html": [
       "<div>\n",
       "<style scoped>\n",
       "    .dataframe tbody tr th:only-of-type {\n",
       "        vertical-align: middle;\n",
       "    }\n",
       "\n",
       "    .dataframe tbody tr th {\n",
       "        vertical-align: top;\n",
       "    }\n",
       "\n",
       "    .dataframe thead th {\n",
       "        text-align: right;\n",
       "    }\n",
       "</style>\n",
       "<table border=\"1\" class=\"dataframe\">\n",
       "  <thead>\n",
       "    <tr style=\"text-align: right;\">\n",
       "      <th></th>\n",
       "      <th>CRIM</th>\n",
       "      <th>ZN</th>\n",
       "      <th>INDUS</th>\n",
       "      <th>CHAS</th>\n",
       "      <th>NOX</th>\n",
       "      <th>RM</th>\n",
       "      <th>AGE</th>\n",
       "      <th>DIS</th>\n",
       "      <th>RAD</th>\n",
       "      <th>TAX</th>\n",
       "      <th>PTRATIO</th>\n",
       "      <th>B</th>\n",
       "      <th>LSTAT</th>\n",
       "      <th>Target</th>\n",
       "    </tr>\n",
       "  </thead>\n",
       "  <tbody>\n",
       "    <tr>\n",
       "      <th>CRIM</th>\n",
       "      <td>1.000000</td>\n",
       "      <td>-0.462057</td>\n",
       "      <td>0.521014</td>\n",
       "      <td>0.033948</td>\n",
       "      <td>0.603361</td>\n",
       "      <td>-0.211718</td>\n",
       "      <td>0.497297</td>\n",
       "      <td>-0.539878</td>\n",
       "      <td>0.563969</td>\n",
       "      <td>0.544956</td>\n",
       "      <td>0.312768</td>\n",
       "      <td>-0.264378</td>\n",
       "      <td>0.454837</td>\n",
       "      <td>-0.403964</td>\n",
       "    </tr>\n",
       "    <tr>\n",
       "      <th>ZN</th>\n",
       "      <td>-0.462057</td>\n",
       "      <td>1.000000</td>\n",
       "      <td>-0.535468</td>\n",
       "      <td>-0.039419</td>\n",
       "      <td>-0.511464</td>\n",
       "      <td>0.278134</td>\n",
       "      <td>-0.429389</td>\n",
       "      <td>0.478524</td>\n",
       "      <td>-0.234663</td>\n",
       "      <td>-0.289911</td>\n",
       "      <td>-0.361607</td>\n",
       "      <td>0.128177</td>\n",
       "      <td>-0.386818</td>\n",
       "      <td>0.339989</td>\n",
       "    </tr>\n",
       "    <tr>\n",
       "      <th>INDUS</th>\n",
       "      <td>0.521014</td>\n",
       "      <td>-0.535468</td>\n",
       "      <td>1.000000</td>\n",
       "      <td>0.075889</td>\n",
       "      <td>0.612030</td>\n",
       "      <td>-0.291318</td>\n",
       "      <td>0.489070</td>\n",
       "      <td>-0.565137</td>\n",
       "      <td>0.353967</td>\n",
       "      <td>0.483228</td>\n",
       "      <td>0.336612</td>\n",
       "      <td>-0.192017</td>\n",
       "      <td>0.465980</td>\n",
       "      <td>-0.418430</td>\n",
       "    </tr>\n",
       "    <tr>\n",
       "      <th>CHAS</th>\n",
       "      <td>0.033948</td>\n",
       "      <td>-0.039419</td>\n",
       "      <td>0.075889</td>\n",
       "      <td>1.000000</td>\n",
       "      <td>0.056387</td>\n",
       "      <td>0.048080</td>\n",
       "      <td>0.055616</td>\n",
       "      <td>-0.065619</td>\n",
       "      <td>0.021739</td>\n",
       "      <td>-0.037655</td>\n",
       "      <td>-0.115694</td>\n",
       "      <td>-0.033277</td>\n",
       "      <td>-0.041344</td>\n",
       "      <td>0.115202</td>\n",
       "    </tr>\n",
       "    <tr>\n",
       "      <th>NOX</th>\n",
       "      <td>0.603361</td>\n",
       "      <td>-0.511464</td>\n",
       "      <td>0.612030</td>\n",
       "      <td>0.056387</td>\n",
       "      <td>1.000000</td>\n",
       "      <td>-0.215633</td>\n",
       "      <td>0.589608</td>\n",
       "      <td>-0.683930</td>\n",
       "      <td>0.434828</td>\n",
       "      <td>0.453258</td>\n",
       "      <td>0.278678</td>\n",
       "      <td>-0.202430</td>\n",
       "      <td>0.452005</td>\n",
       "      <td>-0.394995</td>\n",
       "    </tr>\n",
       "    <tr>\n",
       "      <th>RM</th>\n",
       "      <td>-0.211718</td>\n",
       "      <td>0.278134</td>\n",
       "      <td>-0.291318</td>\n",
       "      <td>0.048080</td>\n",
       "      <td>-0.215633</td>\n",
       "      <td>1.000000</td>\n",
       "      <td>-0.187611</td>\n",
       "      <td>0.179801</td>\n",
       "      <td>-0.076569</td>\n",
       "      <td>-0.190532</td>\n",
       "      <td>-0.223194</td>\n",
       "      <td>0.032951</td>\n",
       "      <td>-0.468231</td>\n",
       "      <td>0.482829</td>\n",
       "    </tr>\n",
       "    <tr>\n",
       "      <th>AGE</th>\n",
       "      <td>0.497297</td>\n",
       "      <td>-0.429389</td>\n",
       "      <td>0.489070</td>\n",
       "      <td>0.055616</td>\n",
       "      <td>0.589608</td>\n",
       "      <td>-0.187611</td>\n",
       "      <td>1.000000</td>\n",
       "      <td>-0.609836</td>\n",
       "      <td>0.306201</td>\n",
       "      <td>0.360311</td>\n",
       "      <td>0.251857</td>\n",
       "      <td>-0.154056</td>\n",
       "      <td>0.485359</td>\n",
       "      <td>-0.387758</td>\n",
       "    </tr>\n",
       "    <tr>\n",
       "      <th>DIS</th>\n",
       "      <td>-0.539878</td>\n",
       "      <td>0.478524</td>\n",
       "      <td>-0.565137</td>\n",
       "      <td>-0.065619</td>\n",
       "      <td>-0.683930</td>\n",
       "      <td>0.179801</td>\n",
       "      <td>-0.609836</td>\n",
       "      <td>1.000000</td>\n",
       "      <td>-0.361892</td>\n",
       "      <td>-0.381988</td>\n",
       "      <td>-0.223486</td>\n",
       "      <td>0.168631</td>\n",
       "      <td>-0.409347</td>\n",
       "      <td>0.313115</td>\n",
       "    </tr>\n",
       "    <tr>\n",
       "      <th>RAD</th>\n",
       "      <td>0.563969</td>\n",
       "      <td>-0.234663</td>\n",
       "      <td>0.353967</td>\n",
       "      <td>0.021739</td>\n",
       "      <td>0.434828</td>\n",
       "      <td>-0.076569</td>\n",
       "      <td>0.306201</td>\n",
       "      <td>-0.361892</td>\n",
       "      <td>1.000000</td>\n",
       "      <td>0.558107</td>\n",
       "      <td>0.251913</td>\n",
       "      <td>-0.214364</td>\n",
       "      <td>0.287943</td>\n",
       "      <td>-0.248115</td>\n",
       "    </tr>\n",
       "    <tr>\n",
       "      <th>TAX</th>\n",
       "      <td>0.544956</td>\n",
       "      <td>-0.289911</td>\n",
       "      <td>0.483228</td>\n",
       "      <td>-0.037655</td>\n",
       "      <td>0.453258</td>\n",
       "      <td>-0.190532</td>\n",
       "      <td>0.360311</td>\n",
       "      <td>-0.381988</td>\n",
       "      <td>0.558107</td>\n",
       "      <td>1.000000</td>\n",
       "      <td>0.287769</td>\n",
       "      <td>-0.241606</td>\n",
       "      <td>0.384191</td>\n",
       "      <td>-0.414650</td>\n",
       "    </tr>\n",
       "    <tr>\n",
       "      <th>PTRATIO</th>\n",
       "      <td>0.312768</td>\n",
       "      <td>-0.361607</td>\n",
